0.00017595291137695312
0.0001709461212158203
0.00026869773864746094
0.0007348060607910156
0.0005271434783935547
0.0004978179931640625
0.0003142356872558594
0.00017404556274414062
0.00027632713317871094
0.00017404556274414062
0.00019216537475585938
0.00032210350036621094
0.0003960132598876953
0.0007889270782470703
0.00021886825561523438
0.0002951622009277344
0.0003769397735595703
0.00026798248291015625
0.00023603439331054688
0.00018095970153808594
0.0009152889251708984
0.0002498626708984375
0.00028777122497558594
0.0002110004425048828
0.0003299713134765625
0.0005230903625488281
0.000514984130859375
0.0003142356872558594
0.00028204917907714844
0.0003299713134765625
0.00023317337036132812
0.0003819465637207031
0.00032520294189453125
0.0002338886260986328
0.00024819374084472656
0.0009400844573974609
0.00018215179443359375
0.0002028942108154297
0.00015807151794433594
0.00046515464782714844
0.0006282329559326172
0.00027680397033691406
0.00029587745666503906
0.0002148151397705078
0.0006558895111083984
0.0001571178436279297
0.00021600723266601562
0.0002391338348388672
0.00018906593322753906
0.00020194053649902344
0.0009272098541259766
0.0003452301025390625
0.0002079010009765625