0.00011324882507324219
0.00010704994201660156
0.00011205673217773438
0.00010704994201660156
0.00010704994201660156
0.00011515617370605469
0.00011420249938964844
0.00010800361633300781
0.00010800361633300781
0.00011491775512695312
0.000102996826171875
0.00010204315185546875
0.00010585784912109375
0.00011587142944335938
0.0001049041748046875
0.00011301040649414062
0.0001010894775390625
0.00010609626770019531
0.00010418891906738281
0.00010991096496582031
0.00010585784912109375
0.00010609626770019531
0.00010180473327636719
0.00010180473327636719
0.00010704994201660156
0.00011181831359863281
0.00010514259338378906
0.00010418891906738281
0.00011801719665527344
0.00010895729064941406
0.00010609626770019531
0.00010395050048828125
0.00010395050048828125
9.822845458984375e-05
9.799003601074219e-05
0.00010013580322265625
9.918212890625e-05
0.00010085105895996094
0.00026416778564453125
9.918212890625e-05
0.00010013580322265625
9.703636169433594e-05
0.00010514259338378906
9.799003601074219e-05
9.703636169433594e-05
0.00010085105895996094
9.894371032714844e-05
9.608268737792969e-05
0.0002608299255371094
0.0001010894775390625
0.00010609626770019531
0.00011110305786132812
0.0001201629638671875
0.00010514259338378906
0.0002980232238769531
0.00015997886657714844
0.00011801719665527344
9.894371032714844e-05
0.00011086463928222656
0.00010395050048828125
0.00010633468627929688
0.00010275840759277344
9.703636169433594e-05
0.00010991096496582031
9.799003601074219e-05
0.00010204315185546875
9.989738464355469e-05
0.0001049041748046875
0.00010895729064941406
9.894371032714844e-05
0.00023317337036132812
9.989738464355469e-05
9.989738464355469e-05