0.00009298324584960938
0.0004730224609375
0.00010919570922851562
0.00009608268737792969
0.0011811256408691406
0.00011181831359863281
0.00010395050048828125
0.0000703636169433594
0.0001049041748046875
0.00011110305786132812
0.00009298324584960938
0.000102996826171875
0.00011587142944335938
0.00009393692016601562
0.0001049041748046875
0.00011110305786132812
0.00009274482727050781
0.0001087188720703125
0.0001068115234375
0.00009703636169433594
0.00011110305786132812
0.00011014938354492188
0.00009870529174804688
0.00011396408081054688
0.00010514259338378906
0.00009393692016601562
0.00010657310485839844
0.00011110305786132812
0.00009322166442871094
0.00011706352233886719
0.0001201629638671875
0.00009298324584960938
0.00011897087097167969
0.00010991096496582031
0.00009417533874511719
0.00010704994201660156
0.00010609626770019531
0.00009322166442871094
0.00010395050048828125
0.00011205673217773438
0.00010585784912109375
0.00011205673217773438
0.0001049041748046875
0.00009608268737792969
0.00011301040649414062
0.00011301040649414062
0.00009799003601074219
0.00010895729064941406
0.00010704994201660156
0.00009298324584960938
0.00010609626770019531
0.00010895729064941406
0.00009202957153320312
0.00010991096496582031
0.00011014938354492188
0.00009822845458984375
0.0001049041748046875
0.00011277198791503906
0.00009226799011230469
0.00010395050048828125
0.0001049041748046875
0.00009179115295410156
0.0001049041748046875
0.00011086463928222656
0.00009608268737792969
0.00010275840759277344
0.00011301040649414062
0.00009393692016601562
0.0002391338348388672
0.00010776519775390625
0.00026702880859375
0.00011181831359863281
0.00011205673217773438
0.00010180473327636719
0.00011992454528808594
0.00011014938354492188
0.00015783309936523438
0.00011110305786132812
0.00012302398681640625
0.00009393692016601562
0.00010609626770019531
0.0001049041748046875
0.00009202957153320312
0.00011014938354492188
0.00010395050048828125
0.00009870529174804688
0.00011682510375976562
0.00010800361633300781
0.00009489059448242188
0.00010800361633300781
0.00010800361633300781
0.00009489059448242188
0.00011324882507324219
0.0001220703125
0.00009298324584960938
0.00014495849609375
0.00011396408081054688
0.00009608268737792969
0.00011491775512695312
0.00011897087097167969
0.0001049041748046875
0.00011920928955078125
0.00011301040649414062
0.00011610984802246094
0.0001232624053955078
0.00012111663818359375
0.00012087821960449219
0.0001201629638671875
0.00012087821960449219
0.00011396408081054688
0.00012636184692382812
0.0001270771026611328
0.00011086463928222656
0.00014066696166992188
0.00011992454528808594
0.0001010894775390625
0.00012111663818359375
0.00012493133544921875
0.00013709068298339844
0.0001201629638671875
0.00013303756713867188
0.00009799003601074219
0.00011801719665527344
0.00011897087097167969
0.00011205673217773438
0.00011968612670898438
0.00011682510375976562
0.00010418891906738281
0.0001220703125
0.00011706352233886719
0.00010704994201660156
0.0001220703125
0.0001201629638671875
0.00010704994201660156
0.0001289844512939453
0.00013303756713867188
0.00010013580322265625
0.0001289844512939453
0.0001239776611328125
0.00011086463928222656
0.00012993812561035156
0.00012493133544921875
0.00011181831359863281
0.00012373924255371094
0.00015091896057128906
0.00010704994201660156
0.00011801719665527344
0.00013184547424316406
0.00010418891906738281
0.0001251697540283203
0.00013685226440429688
0.00010013580322265625
0.0001289844512939453
0.00012183189392089844
0.00011491775512695312
0.0002129077911376953