
0.0006279945373535156
0.0006000995635986328
0.0006062984466552734
0.0006518363952636719
0.0006277561187744141
0.0006399154663085938
0.0020961761474609375
0.0020990371704101562
0.0006878376007080078
0.000682830810546875
0.0006978511810302734
0.0006959438323974609
0.0006890296936035156
0.0006937980651855469
0.0020821094512939453
0.0006840229034423828
0.0007040500640869141
0.0006940364837646484
0.0006911754608154297
0.0006909370422363281
0.0007030963897705078
0.0012369155883789062
0.0006856918334960938
0.0007030963897705078
0.0007021427154541016
0.0006940364837646484
0.0007090568542480469
0.00072479248046875
0.0007441043853759766
0.0006852149963378906
0.0008130073547363281
0.0007109642028808594
0.0007188320159912109
0.0007579326629638672
0.0006947517395019531
0.000701904296875
0.0006928443908691406
0.000682830810546875
0.0006921291351318359
0.0006809234619140625
0.0006971359252929688
0.002061128616333008
0.0007028579711914062
0.0006818771362304688
0.0007679462432861328
0.0006070137023925781
0.0006201267242431641
0.0006158351898193359
0.0006320476531982422
0.0006117820739746094
0.0006117820739746094
0.000614166259765625
0.0006339550018310547
0.0006232261657714844
0.0006148815155029297
0.0006248950958251953
0.0006039142608642578
0.0006310939788818359
0.0006260871887207031
0.0006268024444580078
0.0006110668182373047
0.0006189346313476562
0.0006377696990966797
0.0006170272827148438
0.0006341934204101562
0.0006108283996582031
0.0006248950958251953
0.0006079673767089844
0.0006208419799804688
0.0006289482116699219
0.0006392002105712891
0.0005939006805419922
0.0006489753723144531
0.0006389617919921875
0.0006248950958251953
0.0006258487701416016
0.0006260871887207031
0.0006010532379150391
0.0006148815155029297
0.0006067752838134766
0.0006151199340820312
0.0006351470947265625
0.0006380081176757812
0.0006308555603027344
0.0006258487701416016
0.0006318092346191406
0.0006239414215087891
0.0006308555603027344
0.0006051063537597656
0.0006451606750488281
0.00061798095703125
0.0006263256072998047
0.0006601810455322266
0.0006229877471923828
0.0006148815155029297
0.0006120204925537109
0.0006299018859863281
0.0006148815155029297
0.0006341934204101562
0.0006260871887207031