
0.0008943080902099609
0.00078582763671875
0.0007679462432861328
0.0010256767272949219
0.0007762908935546875
0.0008120536804199219
0.0007958412170410156
0.0007498264312744141
0.0012240409851074219
0.0008440017700195312
0.0008039474487304688
0.0007760524749755859
0.0007581710815429688
0.0007531642913818359
0.00078582763671875
0.0007512569427490234
0.0007510185241699219
0.0007429122924804688
0.001081228256225586
0.0007441043853759766
0.0007729530334472656
0.0007519721984863281
0.0007758140563964844
0.0007960796356201172
0.0007870197296142578
0.0007889270782470703
0.0007579326629638672
0.0007486343383789062
0.0007660388946533203
0.0007789134979248047
0.0007882118225097656
0.0007627010345458984
0.0007901191711425781
0.0007421970367431641
0.001352071762084961