0.00007796287536621094
0.0003628730773925781
0.00008916854858398438
0.00007295608520507812
0.00010609626770019531
0.00009083747863769531
0.00008702278137207031
0.00007295608520507812
0.00008511543273925781
0.00008511543273925781
0.00007176399230957031
0.000080108642578125
0.00008606910705566406
0.00007700920104980469
0.00008606910705566406
0.00008797645568847656
0.00007009506225585938
0.000087738037109375
0.00009012222290039062
0.00007128715515136719
0.0001010894775390625
0.00008416175842285156
0.00007200241088867188
0.00008416175842285156
0.00008487701416015625
0.00006794929504394531
0.00011086463928222656
0.00010180473327636719
0.00007677078247070312
0.00009179115295410156
0.00008487701416015625
0.00007390975952148438
0.00009202957153320312
0.0000820159912109375
0.00008296966552734375
0.00009703636169433594
0.00008916854858398438
0.00007295608520507812
0.00008988380432128906
0.00008988380432128906
0.00007295608520507812
0.00009703636169433594
0.00008296966552734375
0.00007390975952148438
0.00008797645568847656
0.00008511543273925781
0.00007891654968261719
0.0000820159912109375
0.00009775161743164062
0.00007104873657226562
0.00008702278137207031
0.00008797645568847656
0.00006604194641113281
0.00008869171142578125
0.0000820159912109375
0.00006985664367675781
0.00008082389831542969
0.00010800361633300781
0.00007081031799316406
0.00008296966552734375
0.00008893013000488281
0.00006818771362304688
0.00008702278137207031
0.00010275840759277344
0.00007796287536621094
0.00008296966552734375
0.00008702278137207031
0.00006985664367675781
0.0001571178436279297
0.00008797645568847656
0.0001480579376220703
0.00009107589721679688
0.00008869171142578125
0.0001239776611328125
0.00009703636169433594
0.0000858306884765625
0.00010895729064941406
0.00008416175842285156
0.00009202957153320312
0.00007200241088867188
0.00009679794311523438
0.00008130073547363281
0.000064849853515625
0.00009489059448242188
0.00009608268737792969
0.00006890296936035156
0.00008916854858398438
0.00008511543273925781
0.00007510185241699219
0.00010395050048828125
0.0000858306884765625
0.00007319450378417969
0.00008702278137207031
0.000125885009765625
0.00006914138793945312
0.00008702278137207031
0.00009703636169433594
0.00007486343383789062
0.00009298324584960938
0.00010085105895996094