
0.0980067253112793
0.05791211128234863
0.06972312927246094
0.05472993850708008
0.0625758171081543
0.06175804138183594
0.05373883247375488
0.06286501884460449
0.05685710906982422
0.05827498435974121
0.05408477783203125
0.06017470359802246
0.058936119079589844
0.05456089973449707
0.06192302703857422
0.06740474700927734
0.05875897407531738
0.0580747127532959
0.0911710262298584
0.07575130462646484
0.05805397033691406
0.08247613906860352
0.1483311653137207
0.2596428394317627
0.09210586547851562
0.07337808609008789
0.05253195762634277
0.06373810768127441
0.06473302841186523
0.05742001533508301
0.08627462387084961
0.0536649227142334
0.0525813102722168
0.055915117263793945
0.054511070251464844
0.05263113975524902
0.05865597724914551
0.06912422180175781
0.058003902435302734
0.054284095764160156
0.10436034202575684
0.05372285842895508
0.11182022094726562
0.06160902976989746
0.05673718452453613
0.07644796371459961
0.05374574661254883
0.05789899826049805
0.06722903251647949
0.06751394271850586
0.053072214126586914
0.05463910102844238
0.0567171573638916
0.0654609203338623
0.06268310546875
0.13803887367248535
0.05354428291320801
0.08932900428771973
0.06988906860351562
0.0525059700012207
0.06334114074707031
0.05412697792053223
0.08579611778259277
0.058685302734375
0.08409714698791504
0.06026005744934082
0.07290983200073242
0.057029008865356445
0.07119011878967285
0.05579400062561035
0.07178807258605957
0.0651698112487793
0.08585500717163086
0.05443096160888672
0.07975077629089355
0.058804988861083984
0.06746220588684082
0.06134200096130371
0.058302879333496094
0.05518198013305664
0.052622079849243164
0.06735515594482422
0.1848750114440918
0.07055807113647461
0.07678675651550293
0.0631859302520752
0.07508087158203125
0.0572509765625
0.06314516067504883
0.06242513656616211
0.05425691604614258
0.053730010986328125
0.07608675956726074
0.06345200538635254
0.057621002197265625
0.056329965591430664
0.06278276443481445
0.05452704429626465
0.062040090560913086
0.05430293083190918
0.05392909049987793
0.05347800254821777
0.06179094314575195
0.05545401573181152
0.06180310249328613
0.06589484214782715
0.0606691837310791
0.06219887733459473
0.05464911460876465
0.053811073303222656
0.05183076858520508
0.06336188316345215
0.06808304786682129
0.0669400691986084
0.11606884002685547
0.053913116455078125
0.05169320106506348
0.06668782234191895
0.07357215881347656
0.05237293243408203