
0.012180089950561523
0.012593269348144531
0.012398719787597656
0.012093782424926758
0.012486934661865234
0.011928081512451172
0.012080907821655273
0.012253284454345703
0.011990070343017578
0.012083292007446289
0.012055158615112305
0.01199483871459961
0.011955022811889648
0.012512922286987305
0.012274980545043945
0.012113809585571289
0.01172184944152832
0.011937856674194336
0.012400150299072266
0.011867761611938477
0.011945009231567383
0.022401094436645508
0.022923946380615234
0.012468814849853516
0.012174844741821289
0.01186370849609375
0.012406110763549805
0.011940717697143555
0.011847972869873047
0.012037277221679688
0.017822980880737305
0.012245655059814453
0.012201070785522461
0.012159109115600586
0.012073993682861328
0.012110710144042969
0.011661052703857422
0.011855840682983398
0.01220703125
0.012235879898071289
0.011660099029541016
0.012117862701416016
0.012346267700195312
0.012372970581054688
0.015039920806884766
0.012281179428100586
0.012276172637939453
0.016990184783935547
0.012000083923339844
0.013007164001464844
0.012714147567749023
0.012443780899047852
0.011581897735595703
0.012151956558227539
0.01205587387084961
0.012245893478393555
0.011959075927734375
0.012245893478393555
0.012121915817260742
0.011675119400024414
0.012223005294799805
0.011681795120239258
0.01170206069946289
0.011796951293945312
0.017093181610107422
0.011465787887573242
0.012140035629272461
0.011816978454589844
0.011886835098266602
0.01192021369934082
0.011846065521240234
0.011574983596801758
0.011915922164916992
0.011732816696166992
0.01158905029296875
0.011593103408813477
0.011811256408691406
0.01164698600769043
0.011622905731201172
0.011511087417602539
0.011690855026245117
0.011902809143066406
0.02141594886779785
0.012189865112304688
0.01243281364440918
0.011908292770385742
0.011464118957519531
0.011901140213012695
0.01168513298034668
0.011818170547485352
0.012078046798706055
0.01194906234741211
0.012014150619506836
0.011945962905883789
0.011892080307006836
0.011587142944335938
0.012251138687133789
0.011852025985717773
0.011806011199951172
0.012060880661010742
0.011758804321289062
0.01190805435180664
0.012795209884643555
0.011831998825073242
0.012107133865356445
0.012286186218261719
0.011542797088623047
0.011690855026245117
0.011744022369384766
0.01151895523071289
0.011689901351928711
0.011938810348510742
0.011538982391357422
0.011674880981445312
0.011878252029418945
0.011719703674316406
0.01186990737915039
0.018217086791992188
0.012153148651123047
0.011779308319091797