
0.007547855377197266
0.007266044616699219
0.007561922073364258
0.007181644439697266
0.0071489810943603516
0.007244110107421875
0.0073871612548828125
0.007521867752075195
0.007192134857177734
0.00774383544921875
0.007261037826538086
0.0072329044342041016
0.007502079010009766
0.0070459842681884766
0.007358074188232422
0.007448911666870117
0.007717132568359375
0.00755000114440918
0.007397890090942383
0.0072329044342041016
0.007413148880004883
0.0073909759521484375
0.007848024368286133
0.007287025451660156
0.0074079036712646484
0.0072896480560302734
0.007414102554321289
0.007308006286621094
0.007281064987182617
0.007542133331298828
0.007378101348876953
0.007616996765136719
0.0071299076080322266
0.007581949234008789
0.007496833801269531
0.007326364517211914
0.0073490142822265625
0.007390022277832031
0.007268190383911133
0.007355928421020508