
0.2804718017578125
0.2779672145843506
0.2744460105895996
0.2784140110015869
0.2738358974456787
0.2762906551361084
0.27536487579345703
1.3744659423828125
0.27196478843688965
0.2779731750488281
0.2735910415649414
0.27254414558410645
0.2801191806793213
0.2722780704498291
0.27568793296813965
0.2714681625366211
0.2758469581604004
0.27037596702575684
0.27384018898010254
0.27068114280700684
0.27461719512939453
0.28673624992370605
0.27425408363342285
0.2766451835632324
0.2771749496459961
0.2803521156311035
0.2737691402435303
0.3480808734893799
0.28139376640319824
0.27558088302612305
0.27271199226379395
0.28344178199768066
0.2754831314086914
0.28887200355529785
0.27352094650268555
0.2745091915130615
0.27373409271240234
0.2732069492340088
0.27465391159057617
0.27118468284606934